%YAML:1.0
---
camera_matrix: !!opencv-matrix
   rows: 3
   cols: 3
   dt: d
   data: [ 793.16167874530504, 0., 320.337037908865, 0.,
       801.32668318670278, 240.94286760405268, 0., 0., 1. ]
distortion_coefficients: !!opencv-matrix
   rows: 1
   cols: 5
   dt: d
   data: [ 0.25311242766342196, -0.87792026700300896,
       0.0074629168455093639, 0.027010789212589495, 2.2454316454844285 ]
